850073654
-2062752028
2262359800
-1484112982
324556064
275060924
-2694579796
-2789562066
2921119714
-959861064
1059160948
-2161822694
-66555020
-1858947713
1611649322
-2068856630
-170759762
2908860670
-856920294
1257452355
31504143
-1406205095
2160595456
-96564990
-193922496
-1080995024
123530466
-298631190
-91403740
-238394339
-516637337
-304733196
-2947725406
-2595027434
934452558
980313086
-2347092320
-25054482
-191965409
347317789
-1378344155
479262645
-2862683939
1448355172
1015833319
-1698269978
-763018215
1749837646
-855836719
1618721989
-1760008887
-2003568556
-1367394841
2560853384
1198328221
1831445114
303805244
-1509018443
-477915281
-356399932
95012797
2841437203
1212461256
1833619870
-374347522
15122424
-2682959125
2331453878
-2117473644
-739310065
-282819431
-50232746
-371069209
-134587985
-2657453517
1313589616
-1331247321
2588715148
1948253257
-1925075349
-1382658425
-403581249
59064877
-2097106851
2324519010
2798456557
-267233425
-2797230447
1388896792
-2183160090
-2184388828
1536130045
1218121134
-592112593
462410287
-2667757250
1307513126
862010894
1159735997
196475765
-247270336
931089572
1862753106
-2240538104
2910520354
-2777777702
-2263843492
1814856903
-2588415931
2783472535
-2012762507
2164838787
2586604687
-2156716214
-2866047469
-1757960390
-1953288100
1034665452
-945791689
2507481765
103416248
659221809
176320491
1187300038
-2006002205
1618964620
2301669245
1763870960
-900244081
614169011
-348722523
1427959382
-2037133017
-1188373573
1212149682
-2314488362
-2822979333
-2299670878
418138346
-2375512516
-1384263197
-1068550709
1719658838
2523976885
-438750051
-2373683487
525766040
-1272999782
-2261307299
-2240775837
-156803996
2003521799
-8421072
-241283706
879520407
49696598
131429867
955104006
2777631322
-1402178717
-2747945508
-1921157239
-560184336
1948013291
329299302
-2982431123
658809012
-72466447
-1062163808
2757857473
-2368024709
568202186
-800338564
-1900865421
-1905369472
-558499656
-171562665
-1395337582
2349650752
127790314
-1183348975
-2593143694
-2437299823
1152974176
439192203
-928464774
-889377356
-2760847934
1766719508
1346020033
-2961426647
-1114163358
-105502418
1729664737
1520273939
364990388
1542954703
-1811496257
-1390536052
2863374732
-2125295906
1661704792
1581518377
-1840745380
-363252907
-2931961149
-2455863733
-1663973130
714134343
-2095627496
2847096506
2124938227
-2066743049
1170786361
-1674586135
1004263745
-1162772020
-2980638165
-1148390789
-1211030095
2845338663
-273301862
-1444230085
2849100599
786696759
-652613094
-2623348978
-1722932208
-2024204574
-939926597
-728547987
2631985928
2755851943
173754413
-2277663020
2412178831
2936351476
2376289316
2257228556
1112130618
296579511
1739248731
407413135
1589602999
-2032808747
-488289573
-1157913330
-277601342
-172056803
793210605
-2776482709
-2995743776
2569116955
865239720
-2148243964
68180112
2495062609
-2181513449
1083123964
-1931663186
1355730946
216794816
1311355260
-1794948269
-1608614153
2006517919
-2488968541
-2025001365
659688629
2418551674
87757929
-2208823415
45467826
1657341044
2883298556
1857690539
2539370543
-546858753
-2316798509
1456659724
1275459502
-1069832034
-981167836
-876850888
2450942160
-1278734617
-1637430961
-2831610576
-859798899
2046181322
1644950259
-1025723370
-1296146945
1340205609
-784365705
322098949
1321579581
2472820915
410429745
2103568431
-335248580
2635461266
-2722715828
562199629
2816764364
-1248837455
-2729952228
-921546016
-2955024541
2663807943
-1923841680
1471389063
593429331
1943590886
2994134004
1299931049
230909752
-1531640176
-1931323973
-544226250
1511443437
-1549144710
356941531
1999426820
-2275886985
-119112181
2655384980
714005993
-1079607598
708165205
-2965430588
-2435223898
1801894033
-1030384977
-1739051276
831117484
-1968295870
2405689655
-1737522485
2804467768
-1692033418
1523538987
1951670630
-43040627
-1943142264
-49749796
63333461
2656264264
2180370017
58798226
10147829
-1435451554
-2314729113
372668462
-2638430124
2546852857
-2951384626
-1334792326
2022328834
-1261093538
-1283000519
-373520906
343728070
-314922619
2784513531
453386606
-384159220
1173895215
855712172
2725375224
904561594
-1057803444
1343009711
1263014512
-2303021694
-280250920
-67370170
-1888619713
-2333307712
-1100525390
-1848701351
-827944501
-1994386894
-2582397261
-114675930
-1270995036
452195906
2654267739
1960322964
79646176
73420877
2083565298
227852688
-362268235
514985539
2487500643
2899341986
-2652581883
185059059
1005568297
-1570584139
861023844
1916945887
2876224786
-2678442741
325284336
2026737067
-704417047
-1622885632
-1446284744
-1730883590
-2598467856
322212320
-638848357
1028218339
-2022039595
-1121962947
-92082533
-236757382
1828705540
-2380788169
1483575924
-1444130854
-1884358844
-1273405230
2739395209
-1323773319
-2987379067
2777580298
868443860
-147459034
-902224025
2613727039
2372340369
-77833600
2190539618
-2183312518
2951778652
573629561
-2441898801
24970962
2080086504
-1046273860
-2203246807
176677322
-2882653389
-2840355588
-396505885
1677114497
26386535
2598448470
626767783
2041143055
1617968247
2982900563
2184347084
1420253987
2387024267
2478912238
1411222309
332551283
1480611522
2570513399
243808048
1627317766
2276365293
1123646313
1071647240
-315938424
2273076097
-2572850947
2619274829
1403788584
-1842396489
-133205938
2449610781
-2748749834
-1734739434
1610280095
-2560752799
-153366659
-2381213167
-1499207921
-322448667
-240437207
-75893952
-2747075063
-1611692499
365360328
-2045364727
2730253342
2153708406
-2357314396
-1134972297
488680121
-2541592455
-2675728571
-1355654380
142894089
-2775965676
842126200
6601886
-2310213625
2474894507
309879655
-2621050624
1515874604
20010943
1516400809
-2025238162
-80099042
1813940127
1843842396
-755318964
-848801020
-1868959647
1335434398
-729910766
2926972316
-2785611679
-2464259490
2830283240
1761231845
1757433260
-2890430991
2678514074
433632073
-1263249656
1766544951
-722346548
-1013114328
1310553681
-2199735769
1624138694
-1975988622
-1317379978
-1326067698
1043356697
-336477489
-2434805140
2027511789
-272837659
909850715
-1945739429
2928855613
1108417221
-2690466902
-2554765905
2956346179
-129714037
-6772201
1941933033
2582470088
2601252782
-604155515
-468113425
-704551108
-2560149710
1429759204
-1018431273
2302824943
2180708646
344212065
-2994035450
2493366110
-427680904
2519436863
2734134823
903505722
2087456168
-1118245090
-1896148217
-2301994304
2498516841
839988306
1248540455
-69107073
2296354234
-2097137812
2322741036
726718778
2501412533
2782995875
-2277452583
-1756650520
835605302
-2061520651
-1947299426
-1813732645
-189642888
-1102105652
2941489831
1411213258
-2124045868
2489221597
1117485501
-121263480
967326106
394267352
-1269330278
1570725050
814241841
-351608308
2094569428
-1337659532
-2593771088
88698045
-2930843393
2430071239
-2628126696
-1749551910
1265345158
66083923
-2446942963
660702347
2555917333
2008513890
-2675085680
2816157315
-940200586
-720208460
968755246
-2703097809
-2523852920
-895154784
1764389360
-2678580178
413583672
1379041264
851391468
602784132
2942374917
1148641753
1884887680
2311983979
-689070480
2563598025
-1976595334
-2127027054
-1282236493
-2438412907
2529618355
-92263465
-2834194830
1080180061
-483376543
-1343849464
596239059
-697915366
-2496521048
-2056793425
-1387280992
-812097743
2936503425
-995393819
-748756067
-2942508925
-1542461929
1510146673
-995591287
-585989649
-990824031
1375397467
1779028922
78034005
-1058975668
1059092246
1679028657
-1032386342
1772382873
393768962
1908451435
824042444
-2310564080
439434595
-526530667
-1071248205
-646976605
2667600791
-85125828
-1325186942
-18104470
2651937475
85721886
-1566389814
1051830639
-2915934731
-1817528092
1090151460
-243880026
-2844909336
-2615162183
2980723743
-281292128
-2582372154
1077591839
-705427250
-317254874
-75732282
936949315
225341059
-1773549142
1180921551
752941786
248417529
2314701443
-2312480843
1925874479
-1234589560
-2084118441
-328208950
2512624693
-328750315
-1055532360
-1696669318
-351481401
-210176216
568417802
-2612924623
690542339
-2593440647
175939978
649019724
1655408060
-2902671259
425350762
-2637668723
-1084219363
1265417724
-1997953906
-2455512807
-2110581860
2506327312
2751439839
2375041499
-2851454922
-158994737
7134400
344732821
2514643982
2348351884
-2738623571
180575076
438923904
-1092377287
-1352697999
405304168
1401076873
811747919
1639714364
1883088867
130002235
-1641001486
-1462124478
2477392240
1315278522
-2730182153
2527899379
674259984
-194989393
2789947179
2247730442
1009782290
-454023661
1764221641
-1789433416
-2614436332
2787972346
662779925
897176664
594495073
-445901663
-2347917263
724941853
2795894124
-265072113
1754437240
-2321100148
1141035351
811017972
646379520
1705769692
-516980134
-2853628268
893815329
-1881021280
389768307
-1411728987
400145460
2122669200
2279352013
-631137584
1153472183
2389730354
-1084296729
-991206524
2459197902
-1991176695
-713507085
-931904346
2711429379
2139819502
646762354
397406246
-2141419373
-2483147709
1882105449
31839706
2864423790
1253124953
825356404
-1758151805
112409219
-2526858850
-2367540870
2739086015
801010753
232740820
1084902678
-207444737
-1573497362
-1238292403
-305198756
-1413761918
-212934554
-1203463881
-608733857
-305337483
-2052818966
1960282540
215207182
-835064966
-2370154818
-1429397326
2527381200
2646897617
-397987448
-2672783432
778363669
-429660230
-661207717
126704958
2752945369
-985519758
-211074307
2232399419
488554893
-2381706786
-374119983
-197307369
2782774977
-2075534853
2893677997
2769359194
36140545
2366874607
-2688489
1026557452
1441016027
803439837
2602261122
2785282151
2152854474
2973690045
469280513
-1373886733
532646162
-1333160727
342316033
1257777275
2062887339
325688848
-655997695
-1224302638
-420187540
1468566942
-1722765540
-128474744
1857977288
-697427528
148124624
-195222024
-1056158937
1955070728
542545462
-2143003442
1252099349
-48245713
-1561152454
-2061394597
-374025779
442871355
987315092
142023356
1601641343
2031479718
2331773309
2315302776
1745561469
988254461
1772173338
-1992788803
1427500863
2454135086
-2906970580
-152704896
2222176319
-2916984841
2684783038
-230017830
-2468722135
-312108110
-2669425468
1224906331
-1595941685
-396039025
-340944430
629365178
-2171797603
701821879
1243445231
2744260265
631255617
-2005925101
1335291235
-205365407
-2925139811
572574722
-2885948573
2960298544
-2783150859
-2302811035
-2919551265
-1826714111
-312321076
2736701436
875016739
1026027365
-928816605
-1366478638
2074367038
-185830340
2339286285
-1226763522
-1070878264
1866045291
-15793470
1172230632
-99802427
-2831005800
-1838347130
-317006296
2974850118
-2719987291
829468593
1210868443
-2886536001
-1374768884
-1300959920
-2020415664
1938809678
-547772789
-450449661
-1676949856
2956630505
2033478272
1815950104
-310662968
-6781669
-2180300537
1599257338
-631916975
-2037519217
728449614
1129474521
-681536424
843562474
1017835709
2528806241
-304380285
-1219471498
-594986835
1804159609
2977427785
1065699217
456789351
787650760
-2450348186
1045599261
2377145547
110231150
2442877283
1284975196
-838017803
-310508284
-284416232
-84768979
2401340324
257480485
-305829803
